Time 1-10.1.2.2-10.1.1.2 Aggregate-Flow
0.000000 0.040197 0.040197
0.100000 0.040195 0.040195
0.200000 0.040202 0.040202
0.300000 0.040195 0.040195
0.400000 0.040196 0.040196
0.500000 0.040196 0.040196
0.600000 0.040195 0.040195
0.700000 0.040196 0.040196
0.800000 0.040195 0.040195
0.900000 0.040195 0.040195
1.000000 0.040194 0.040194
1.100000 0.040195 0.040195
1.200000 0.040196 0.040196
1.300000 0.040195 0.040195
1.400000 0.040194 0.040194
1.500000 0.040195 0.040195
1.600000 0.040194 0.040194
1.700000 0.040195 0.040195
1.800000 0.040193 0.040193
1.900000 0.040194 0.040194
2.000000 0.040194 0.040194
2.100000 0.040193 0.040193
2.200000 0.040202 0.040202
2.300000 0.040192 0.040192
2.400000 0.040192 0.040192
2.500000 0.040192 0.040192
2.600000 0.040192 0.040192
2.700000 0.040194 0.040194
2.800000 0.040204 0.040204
2.900000 0.040205 0.040205
3.000000 0.040204 0.040204
3.100000 0.040203 0.040203
3.200000 0.040182 0.040182
3.300000 0.040188 0.040188
3.400000 0.040187 0.040187
3.500000 0.040188 0.040188
3.600000 0.040188 0.040188
3.700000 0.040187 0.040187
3.800000 0.040187 0.040187
3.900000 0.040186 0.040186
4.000000 0.040188 0.040188
4.100000 0.040190 0.040190
4.200000 0.040195 0.040195
4.300000 0.040191 0.040191
4.400000 0.040191 0.040191
4.500000 0.040190 0.040190
4.600000 0.040191 0.040191
4.700000 0.040190 0.040190
4.800000 0.040189 0.040189
4.900000 0.040189 0.040189
5.000000 0.040191 0.040191
5.100000 0.040190 0.040190
5.200000 0.040189 0.040189
5.300000 0.040182 0.040182
5.400000 0.040189 0.040189
5.500000 0.040188 0.040188
5.600000 0.040188 0.040188
5.700000 0.040188 0.040188
5.800000 0.040188 0.040188
5.900000 0.040187 0.040187
6.000000 0.040187 0.040187
6.100000 0.040187 0.040187
6.200000 0.040187 0.040187
6.300000 0.040186 0.040186
6.400000 0.040186 0.040186
6.500000 0.040185 0.040185
6.600000 0.040185 0.040185
6.700000 0.040186 0.040186
6.800000 0.040190 0.040190
6.900000 0.040193 0.040193
7.000000 0.040193 0.040193
7.100000 0.040191 0.040191
7.200000 0.040186 0.040186
7.300000 0.040182 0.040182
7.400000 0.040182 0.040182
7.500000 0.040182 0.040182
7.600000 0.040180 0.040180
7.700000 0.040179 0.040179
7.800000 0.040178 0.040178
7.900000 0.040181 0.040181
8.000000 0.040179 0.040179
8.100000 0.040185 0.040185
8.200000 0.040184 0.040184
8.300000 0.040178 0.040178
8.400000 0.040178 0.040178
8.500000 0.040180 0.040180
8.600000 0.040177 0.040177
8.700000 0.040178 0.040178
8.800000 0.040177 0.040177
8.900000 0.040176 0.040176
9.000000 0.040176 0.040176
9.100000 0.040175 0.040175
9.200000 0.040176 0.040176
9.300000 0.040174 0.040174
9.400000 0.040174 0.040174
9.500000 0.040173 0.040173
9.600000 0.040173 0.040173
9.700000 0.040174 0.040174
9.800000 0.040172 0.040172
9.900000 0.040173 0.040173
